codigo
874527910
838140502
983095757
098040635
258070564
879069588
561691763
718943223
620326191
761727226
681872259
796181094
613406375
724288506
556084824
040908865
802260328
943197465
931240081
755512579
895593265
543559744
608148756
545007264
999851041
904150516
005509868
868535575
170713833
406177555
528335663
989290271
134568675
279798124
164910129
983547474
645182717
176370103
589290265
624746636
130189956
063344403
600759607
032690594
161035358
110197338
450368592
039123690
268744336
645506329
518160667
572663681
074579897
040959207
147290004
124207419
372521110
447947735
365778345
361504473
436914817
759944055
894366500
054019364
929927706
621975577
953825076
634550482
339705821
634012847
502379134
304110254
644896654
355922911
435620541
321760554
472623299
598350467
012308094
351168810
893881762
526670434
435229061
982717581
097705952
555121345
435833906
701042042
926319388
088843191
284513524
804667935
388540254
895079332
852664514
029272392
012067473
794358266
111484693
019989766
179514938
008542610
924920189
222834823
652701711
151039075
238741089
008635970
483050091
173212452
595898077
290027582
101841042
766324505
288645357
367654497
582756195
959854991
163227522
056115264
759824249
506725909
993402238
242868671
848826348
887994571
966424630
120913012
360787262
818390007
391271956
233481973
587516373
022745762
274116053
622701459
038923323
535866393
926647888
670549978
453940373
618211057
890887806
768158702
824570133
193848628
013421165
841023682
853353467
596582161
585928081
088741930
448314560
276656819
253407938
570668998
178940525
950550506
447282684
954211280
776366830
347658704
423054734
440390467
338686061
330670561
814701384
861575357
198049168
292381309
721187537
029635389
523890300
452864254
074057935
219113574
117082838
249141957
169964472
449218205
880585851
091053319
283683242
612900356
481760975
071882320
107042164
413023221
150425824
232497277
856797928
337680012
128675500
740813637
940824979
289237020
019419588
299939257
438834796
103057078
339419602
838353183
606189988
761075624
703279647
432356688
588933719
128920326
334587151
333730267
272994918
534263024
140917154
040618704
876350199
711936397
716959501
181629696
788940712
521098764
900900934
947356737
757396771
369756263
777878580
941111787
973462087
180091603
193354136
509975388
180793465
698358080
583819689
368406132
392167288
079397083
457591767
312326681
254112939
989304205
983103066
941322421
487670405
892014213
075648029
218651827
561828334
257961094
429157229
921695995
568158419
031125451
125710365
346965599
728918284
229264163
975611954
344853505
087457855
807944353
563491753
850822045
363677767
876902937
305904714
819167867
030531903
613939861
188869280
492903327
303926775
644868640
915910859
834980973
131726437
959570942
651642186
610404578
953913190
497627823
800777213
878151522
229444172
345363698
669318375
051561181
142575259
001870723
804015203
572873417
058857834
943331656
868757063
205036362
066034926
501088514
060059207
048706761
579174791
895524200
712131707
132996130
506085197
448121267
637475361
586349899
099919816
384152520
446544684
796918371
586038091
033164344
019187811
779846156
916196269
338367296
669941533
371483702
141058648
193274312
353419214
565860396
026851210
707533178
779912582
442079908
173872197
394157126
241845390
623926554
269555936
244996258
170253400
630829536
247018387
283922747
639947805
795554908
858348140
485897706
927219008
751085787
579993021
797355408
652670558
355944333
614517544
945243766
086820270
327489046
642218900
175862803
768808581
647503851
791393443
750483940
397684526
597724695
961411310
600603133
601943200
087673802
165833676
705176692
226470296
272101659
519595798
415358680
337502081
002604230
598295534
703987412
281431374
984905657
421870654
803386423
064698961
942071965
737450252
805173677
238630258
513598011
476003606
916120013
045706114
603339833
727708594
326726602
094375078
306902693
121158457
270901147
470783228
315804638
874366281
185369651
808831225
033091090
827402487
526897750
247365882
285684682
327368070
907657909
401586366
251102617
849448954
815281103
121441258
229668814
926522307
038012775
806790523
909472920
495996054
796648153
731005308
703765635
873289886
853228879
933588767
506350906
154510727
305951299
058671710
011538478
241686872
284712850
486482333
927069958
724248570
278215941
034882931
404399895
390777501
142761650
116685487
312563451
400004271
841790600
615623853
343019276
305069826
652368646
702593078
947018830
265132244
703218720
853676364
532006096
066328203
762643564
249242331
956573244
233895059
138302394
627171950
774194735
647951801
486592024
091866259
985020469
943456716
196360333
944220794
555057375
395799695
074251169
380146363
043141570
400112098
664911504
751571163
351638367
202334092
782492507
322145407
945549992
441657063
589650874
387372134
116107906
461468759
300310303
447971303
937633989
778289849
219381697
452609779
246141028
827035692
309181064
051879964
843541473
745528291
994162206
298464513
082484964
872415164
297403480
511329060
975726205
381844999
844829191
210672974
305816826
652983848
517637288
441902613
280200039
819613028
577847411
432299310
935135416
379284033
053804142
034668825
471687646
277941675
096653799
818196398
123125005
888539536
725513089
510400631
101344183
459476151
062334097
702566302
846445852
898470058
490257129
269516886
109564180
758055895
151219374
697442420
350907457
945472749
975405756
264937287
360862792
065503733
802233292
287883207
430972398
889493130
216245970
673610213
437849107
656797052
791776383
513960031
517229162
273217094
898308801
622408676
698477139
518591654
268385728
005658914
160459423
174536475
269638687
791236081
609043249
032320443
226419643
543382625
689607344
054903668
052587336
583770581
024594162
886426780
220558212
561534246
344856273
622213488
310215730
879946912
356487767
351651965
215158090
717749445
188584261
112616814
480890359
591394653
119024206
962606024
909456977
371754316
849432535
829396685
157341265
512176657
308113381
788255205
602337141
123798345
457574516
128036140
141382468
946879019
597553015
139561686
908297053
995935477
465692877
549994187
126016290
250976985
937473200
250352408
069795204
429953698
960355393
189905831
035837721
285348620
083463787
178355647
347950945
276736036
785325494
036399231
851551239
696258929
707749871
849986411
412881217
067994552
738728428
157434409
915197656
879032200
234926404
887275130
443043051
457337654
949974662
053834216
838070642
371465296
616287524
100523788
591542674
780387252
089921851
946993997
698294193
410424040
999166020
653632768
614195919
808881297
367039047
118260983
111300968
263890927
553869485
083712012
779501095
967572387
526591992
633796403
185143973
522880211
652801483
962668216
941572205
463004006
414400998
230457766
799337519
387223749
572485989
094314981
259041208
152226235
688813546
800557648
078847600
288564046
323603993
395585355
238993793
548639020
680976925
841987346
272332816
013766838
488206881
323145864
914723069
346647879
137423064
041257215
261520889
809340668
871744010
212184832
711015643
987154268
504168267
049374663
052382892
019413001
310688337
919738365
948704594
076568697
840019316
406669762
945175945
747402794
399642069
619752865
379392496
811559277
169698678
575755559
499447231
262936387
696404804
203983797
489208195
172137784
719913677
201222399
212850534
119294131
236554882
393402209
521031932
784297768
138786775
863152631
650581793
851236441
542800426
332822395
951293901
081738668
178919581
113464383
193915942
817209615
921345863
495944702
824391008
601176852
054268268
926130846
814286907
837134438
139478371
925200277
536579448
442506594
276706794
750642418
613402836
453902921
183707298
030771668
445220787
912521626
376768641
568189907
575356970
449424789
079548113
914937504
314653704
142040299
932999854
889234961
351383132
641451299
950638083
869819930
748606191
716828191
522903114
760634207
403211836
600901617
841044566
582404956
155184285
359369866
309146355
486166677
708630135
472217033
757569442
381727455
658163958
272821601
899942397
216522226
921125452
837048705
724203616
186309206
013486099
131512948
306467155
332930421
883510565
170924508
574585271
077639639
030886211
508258413
119257885
574816546
797731706
537333858
827170261
727934394
637454158
778701236
638274980
075114410
511164095
780966743
681674431
468565504
409662657
536587794
079546589
948361446
030418182
191660246
358779458
215029541
731750818
310541431
838785119
624671275
288396959
866655790
756033588
764603501
963800116
059610133
729097479
374396514
769646936
168173998
704520671
997352170
892978314
413454243
536242582
939688975
067286771
907539945
685952457
075206792
616023401
486489857
806161250
421651299
436933096
891018833
345802809
184045965
355865370
389614573
128010696
845939699
494314065
911698415
899170506
449295064
090874842
968928087
012994122
969971360
758407410
586413984
781182329
043997448
657958742
069484624
625738364
631834839
439943860
339899346
264767412
021147258
053132723
405487706
934245429
179307661
352795970
935220406
587058691
701932880
939054726
489336787
917821083
274835596
625625988
798563385
570131579
270777703
643259048
217658996
637070487
001420772
639448981
798795765
987468317
244362657
224412174
757610989
407553230
754831123
835062770
722929764
403688130
413969302
477161565
805574072
014091176
635857318
314513475
972430872
874484896
245817300
833517794
275817097
640015029
947564617
665706846
176510577
042663997
561775872
798994422
849695147
530661279
202795287
700475009
720248149
359316403
654621008
950695778
206473388
761388619
778440849
703962359
832613070
391853387
869922404
069823065
389190436
508199242
323730296
750893348
306466759
821608978
270435870
911580782
707511820
276016647
784312628
362720455
312602199
573501744
732647070
213418620
019283652
657421092
028080592
366700814
124922564
599255626
580752965
008987237
553144282
402846901
015394301
562363848
380211113
493691061
723918773
789059118
312189830
542739680
623880487
784624845
703551785
700121047
885985842
996485781
924564522
059013774
283755838
423650893
356976043
713812320
170571185
365031697
207464089
257635556
143995527
151347666
368990335
242319955
333250368
035626201
218232671
391846346
379411068
509337535
175289655
823527355
412649317
680608541
285859466
993809062
345570038
184840662
376503731
643651472
565152548
710934040
682316819
933239457
462126115
284984536
886996012
341692212
380785541
723975586
127191956
182598496
610897540
653072527
767144420
046688600
313541374
157220988
096172793
794612043
790386861
508958175
336278454
042624355
368853159
098706488
356712341
896410888
252834014
035413578
181487988
460045411
438560353
955967819
228915206
279675904
172392683
929506588
736684133
796043765
374059205
568227541
036283020
591523352
594094864
656461059
226983460
999243658
492781898
436310770
939452312
855976713
984698800
414713641
595481448
857914981
767321132
461213715
282627622
009200646
605588973
787940398
629669596
306090781
630656964
980289662
487065020
924468330
630566568
503405400
830107576
833382311
035314638
857831223
504057338
557764363
642856737
257564945
907668994
028629193
763080232
336415825
188537710
167747728
817067301
029831399
639417997
777827082
545442986
243108415
924733543
522293087
626604438
257273086
629701433
481888945
691365773
656289472
338595083
257151392
967567186
295952948
573859774
736360902
654889887
234886076
433102054
950153018
162390097
804933613
018769090
292603407
377053972
996439555
697247177
283986900
114832107
354433457
963850595
811708179
640045333
992109430
385625326
661401812
174868061
730227174
397115252
897283609
449314812
841756846
880874851
207580514
537151787
560014008
199796986
858822103
592241214
257850896
459702263
779987355
073326272
895654446
365129832
292718089
515469114
693721573
183081786
838961532
807065444
306771280
682184236
238972992
887926356
751801654
106417018
512958501
990481538
709995685
429534428
310524181
055258798
108689292
248058054
669575312
199859086
832509533
039566752
361067888
186233637
093198245
974901522
031076788
091495764
182784766
775478576
417122934
203569063
997768265
264315008
647961183
453351346
102626264
630803161
043164080
837287080
098159997
739077684
065804561
455629242
448540924
096346091
312047771
002105294
039848346
900326688
425229431
443414681
285190918
552946188
552631994
846905642
860501735
555407243
614040402
521447849
763543629
355899227
975365912
010324018
636640056
996074077
954950950
866436759
537012967
935581845
511292667
601003610
542351697
781587548
338056026
060218856
228207957
109347703
376202040
566282160
736838937
253812881
048064879
341918794
866528975
588573258
529158248
309802256
026989710
094867342
887945548
247257600
604133327
975433000
714250157
326516868
632614441
442121841
179019622
896668041
455516259
290437300
513058787
907801331
460098052
479018178
412632898
278537640
749894514
974203712
774972671
807117625
282809928
377956812
564856543
886373540
574632420
345917275
015571110
140658796
049444419
914250569
103904794
234293735
250213706
373039319
305623030
026051311
858169930
802056407
055293832
513775818
038117820
662315066
363456679
593009310
778586967
059197723
145361155
288943674
493034768
663436024
665660982
601485657
158526311
690390255
039243364
031102684
298029278
928978050
153494864
008927710
918721416
909659963
969196484
538748339
094392956
700915369
426843214
689327511
453960869
475745781
085965443
871905639
879787266
589604362
424350088
463879656
194594569
371067954
417911335
759260029
491324230
005690227
560856856
923846204
182091593
835692384
177641317
177717514
087478240
924257549
165556745
533759609
059253613
542365561
127528435
865663856
461781210
969972957
102901411
484329431
979711204
921228456
485385849
201504567
379445968
908201921
617107259
761101507
474295516
462242499
744634128
399516642
526864428
618175088
034015258
075344439
529985654
978442938
819650055
256038361
980415658
790521861
996183737
815093158
971331939
111497363
850481382
051252846
368861432
365221299
541231993
767950225
598838604
795202895
963455973
457416418
805327366
878995671
282982045
372076491
886636402
937733874
649395101
559917271
963885690
422707665
676162272
693588263
404418278
715422622
503920921
317606001
194579205
274912556
457729223
806844027
455735449
299760594
074910941
778163955
002234337
407573867
550840545
059386236
520388180
928878544
482157865
687397340
905933635
201865860
042192557
501909117
057840672
604890452
065762926
526866158
621467895
305779440
094647366
404788320
525055418
522011764
675118213
259519530
831717739
667110464
178507340
811929018
344337743
546033417
396176920
624467921
217147021
368513094
404965418
966506097
958356476
520433093
502492829
230011804
608451240
557902865
627912412
355674660
524065647
578539052
699793501
081708196
621808884
428992268
329987672
872627470
445751511
567847621
633271804
636022895
763579082
515689730
638742123
868564295
587569094
893815870
649618216
483137646
156761468
800558462
840442218
674837224
128148475
646138289
320658056
925955398
744372235
312603120
408033198
036724368
542492573
815373006
706790781
769999416
378803079
014351750
652088151
420638429
699740887
257568889
651494719
959845095
768504991
658339535
567142497
539853247
818143804
942278669
872438436
449059593
810479684
093570463
137877859
696235463
734215318
714582224
889357401
189363999
901759210
978734398
847274724
975198501
122896620
640740222
850561477
621017578
138713342
307715522
357165694
263654109
427677048
825646060
627068914
182665323
495585935
241984142
906713713
187680787
499383027
187654986
008939492
140786146
698460149
053684771
725892484
527484012
333280759
276423718
299918698
528514606
642268486
265663590
297282498
897861892
209651813
627264719
169370595
062262778
049940570
151981836
247985433
406051966
844929065
123255637
175930409
678146979
742907591
412699943
058226300
394214383
781649963
525699194
391572816
865157434
185855973
116750330
792505890
846026984
809009256
239353585
155239681
473583379
822068021
292408124
799296132
148713676
821311466
170148070
950222180
495994025
260033102
330792807
561967523
087821243
893297147
610119565
882323791
946803453
799744776
409957422
760253604
966809708
012670498
240693144
052434433
204725072
706644301
784267188
926124691
865613834
749717462
871779501
500320429
218141986
112098506
378467964
147304355
108435007
322513382
397405309
519224911
689938486
455886694
775938728
715054707
353128846
528538172
355781368
552111426
266893451
672126735
576286009
767393353
944014532
241008410
878330800
238692886
165179804
522446317
720502580
810281967
971572861
383853701
620606218
429374803
336140864
344993718
041250433
015752030
485260005
512079254
227207782
627999518
702269153
939753730
531888775
380649705
811107653
096466734
369501906
270913088
717557944
911696031
221833011
855471190
510734019
834705746
229447965
916903633
228426058
308688261
561368318
113452837
849285569
187690653
995787305
492235967
654031532
125422534
692139156
796879371
769629985
137076454
160326990
866363375
740372202
260282055
661116236
990574927
830119681
842458896
763595887
048877193
023859853
900373878
660752305
233324281
306211137
218101002
242148752
452678028
895233402
404450260
115833365
537503438
025625350
512965680
531725959
512561834
137238182
831202153
604620917
652971945
921857008
572482666
588985860
903267992
967649134
484707596
748016030
245053733
606274593
952790051
335023353
302438239
851291316
980964693
912140159
756459681
431919884
040487042
777486487
263460718
667210773
538859163
612738502
845194068
203924369
366445230
347586994
683376934
340737426
082886924
554111004
927743304
288827990
748140389
913498576
834390884
372199912
135169481
379063558
892597626
220451877
212200613
241694478
986989568
091943188
209223684
342908900
657438391
646293022
582242309
635388872
539829523
051158110
317830758
497134037
983887235
179431330
995809435
034736704
525452553
366547525
079866842
208807584
387277668
146473901
181070356
433172566
756659780
027029060
434658182
493078188
748234477
629209583
657539368
916654317
334111789
577887479
422015189
218792424
536694665
134093054
006302644
834339661
600456514
654149997
645576048
790964226
822733826
310471814
890529864
248093924
517876644
572753303
049208127
622713750
410953197
162796582
850918557
444729815
305804872
644514750
423082388
326779472
881331444
024537060
371746556
758086954
177729626
409081197
825855839
755845281
921184087
363158484
014915091
454279607
290178900
484468663
524835522
832557580
840274170
140528296
728048581
702547294
587010454
412745443
166225277
818327298
817165457
971342320
834204434
224112786
020608591
285758047
559380294
538347953
669496654
983759395
876297905
848683255
646096854
560440193
396741089
366099449
986833310
865583903
624451865
211710265
003716321
011885377
270803100
720570805
412164391
053748604
314066303
140525933
867097827
429464930
832611539
298612184
462089326
985183153
219340000
106965703
323035837
758177758
799701840
083513712
857147460
087041084
564973587
412182585
586702714
772108928
409245339
885523420
038879465
379008925
454094561
470572604
866585173
986801467
986986302
814217915
520438343
955300390
639242158
649771730
376955771
619898579
595079807
082149989
606733103
919471323
250309263
528726858
411618222
720197243
334863218
876560723
436903934
050557118
154318726
988986191
744205994
937877935
235255246
454857694
402343724
391728284
098352666
976457688
787936624
887242761
620801768
654213922
283447323
432694679
039953673
752354637
425838779
018166027
499271224
287805668
865487448
949753553
298829788
137662624
210552124
237154698
650028907
038425543
957284308
278718163
760903189
596356065
862119042
309848652
256361912
732239922
609370773
641421876
254846251
777045337
595971600
247365429
100309979
650751456
121364382
271796237
777354325
249867934
416468026
992462455
499183591
625261163
112981309
876892052
000225930
078357308
208058307
277042160
863031556
856821344
340466947
229287873
441900927
717517246
827925425
698372247
430138523
862938772
569155047
876429263
158162255
320827008
219023597
237939892
612448682
455954815
893602082
962351050
836530863
614189188
439327717
168946766
173010462
007179080
554564655
184515500
391914920
984950626
589590619
026147960
154856421
105248266
593027899
826720439
104611196
733714212
206462031
674400464
541048502
551005064
766992094
215278093
835834826
237552371
641117221
592820789
373421927
579499140
223605939
563564274
196670532
879135551
578529449
991938810
201558355
728170866
236044099
169052507
447183099
083899206
565543075
964245218
668002278
376652938
971859380
018910934
422685497
580840021
800894660
256340168
543305290
390561103
051627374
756228511
329269115
784791743
715089753
707303287
120722149
845296535
439978352
415071721
061133143
656712979
177047457
826857839
440710187
882636629
732791513
690339616
514473902
253935885
322560899
527073555
373528386
860291813
010579440
875180762
119466018
392575600
635841042
809835022
720161387
746160088
671092925
741575897
552269760
478242136
560891832
300984260
511707271
954381199
137624838
727350567
380494306
312231738
198954298
325499574
188109868
533641393
109671342
625884037
686332418
369313126
654933746
690605989
910050258
177682581
089776617
816006405
602309453
112733462
590547979
033440658
583538983
924644435
876945199
471382811
813167548
302718102
006524748
760243778
359805589
854996261
313485265
840150141
770938652
389437192
518563798
758022057
388949268
287736508
147888496
959988115
403008053
821833311
288155196
728515862
499337738
734050504
201950219
896835690
139438073
534166747
063959715
518347772
319893418
558574575
547150488
097311002
032372553
554609209
769241691
982011210
864046201
521688601
030872463
815794265
531440326
128926197
645186414
443393963
990810973
365088806
007714319
394896629
653773961
732454498
013526705
221474907
979000362
898423875
753656789
188886834
013073937
562483199
940015651
176875099
795256906
095482785
912775613
887061509
762523405
723062787
046937854
226565356
902637723
233476139
774665727
627882244
034143904
576603596
267875654
267805435
594192741
801825045
990279574
458188883
279235901
544643298
899385722
453883501
020471411
791412811
893934775
289580780
933660885
757552100
364709219
358516916
736840457
707900227
317093153
232126490
257351855
732298830
775497124
718369953
039240090
141107483
820855014
681565349
669456278
212500274
903397362
187461081
582502074
228509650
626206238
035012409
244201106
427315220
827156514
522219294
547132636
474662126
861302256
221645265
561009899
485964562
238484724
738305679
291475612
737882825
778099140
242555650
217922004
677682439
151023561
674179091
873494359
157841576
087732736
199952276
956474397
540154567
187421107
669578885
589049663
905874404
277236042
571033966
721496890
299747716
075803234
544749704
044913277
520672170
416974828
861523750
427913330
494099509
251561553
215117853
142831751
786132035
401428970
673971316
403423319
287043134
303448141
824023164
329726172
503284589
227753715
188274185
900058419
151616689
259687624
495938880
040019056
032280139
168780581
324950003
460654107
009832366
489315206
913041392
887527746
554416169
104111461
032659670
604107863
547289010
473094458
728138505
716737486
665497834
260005204
501919184
783806310
414372770
767199839
250057420
609376362
439447196
263504946
849149883
904771354
214072655
197468303
507929015
723441786
887278683
408717682
555986218
921543984
731204909
565109298
001100791
906221608
359813801
871740893
321669279
176925488
849662171
606120303
677572546
491861540
313631617
448637890
613827574
162093987
919051369
183070164
661465759
361554368
608728706
205217790
552623482
318691310
260304761
755721746
302679584
298095676
488521777
245744678
134723703
393894181
969318094
204725894
927623045
557399814
684799852
585508212
170456510
048284633
235969458
291496273
263029301
937238046
275672770
661976845
273905786
661304672
047892523
680135306
735156301
806247778
292863482
892083563
031067890
073046105
165764110
786467968
437070405
589134058
746204624
473296543
869381147
724188325
722127093
995428149
498472482
156583052
703094449
053357282
885783423
895517713
152824044
559246148
497805081
135168480
871778446
709945000
358399647
554932382
697378906
660316155
395689417
379069892
150534888
016840761
828605411
595837489
031940941
574875290
242276281
774202696
496438240
333459968
730566571
248473009
726829214
440592896
447477343
195199530
890610504
105557660
935693846
603916903
326342976
858519380
716482860
001386198
397379503
051190945
611432702
170002468
341718430
655395972
061622623
964944398
418762984
824347862
011579919
215607769
379531638
707867872
771191931
762633965
698539645
062243779
153632411
660699239
072627244
812737369
075010111
779522463
242158655
809767506
850169402
576777777
329247350
949864393
215352493
905745339
473842973
925728414
823560303
254567578
039523195
381121977
014432774
253798249
470496315
537491034
738464460
070279569
047457079
914454738
978388277
266501302
190150824
622432662
348847499
212094531
059281932
392189161
960473532
435002540
248633843
152181229
659333040
254713959
306234103
110797529
492802524
496050348
475121046
959316386
201311067
939809561
321076994
157669263
251399061
549150616
353572673
989402641
079594771
464445030
616735865
440521361
472770839
969526897
191021983
459856308
173504760
633134604
622114358
194242936
409567000
687712529
678373925
127074419
534772364
749148048
524257537
859810334
312350471
733418421
104497282
565044130
050841243
230872169
904061465
366700389
231211826
924542673
243703526
222843971
071607956
521215950
406915602
086237512
414305002
379354492
184810649
379542370
248760859
913016139
842429646
752433474
549278062
090940274
968836757
629960742
736553202
270301225
217409322
740030423
638677435
624374941
452375405
174510550
826121839
505197654
027860469
604255659
123466897
776422401
112118544
909298971
907470338
031844964
455205440
706759277
966386800
303652143
936974469
779612980
065381636
973601278
137979607
999107369
130780565
484905698
459452675
221387450
557621897
715033646
503509323
103766972
334960639
865096242
686596758
128894026
590316669
319800725
894598378
599893249
321317006
915981033
734166245
536090606
703153802
236462571
893713085
068957619
126157977
223571635
359056291
841898217
578035197
785031257
775275610
816478455
921305887
705350706
072132910
533916143
512544262
976066644
533617953
531893850
645760409
903720186
900348089
003873274
050869345
139058283
735824764
420931800
641665644
184458057
737298007
602626572
357153584
446904866
617762909
770335718
745035663
370301775
176056781
778454083
974609753
679037295
857603333
139924374
616811466
330402030
076063959
118450999
485825797
971568651
211568749
555137476
481006014
842443270
710881690
475567399
523207480
786915691
769210749
940269429
831712952
612745953
837818663
462566127
188621456
695548216
364783308
258284654
640313002
808638652
550576758
605437696
722672965
878761705
825170582
298017343
255143767
856234606
650858430
301187501
283532649
646232849
493627632
570459578
600076354
667061619
127149490
416510960
845458553
635408597
449907881
842354922
056339810
421527921
333490923
165661852
996570743
367160930
552023983
602521206
241270390
584932656
306237269
287405792
193538567
384124511
916307914
349602620
674832773
908445601
948576163
025866493
196165912
309569831
176172647
030076420
840243765
488612260
083133164
789868810
334793420
478498453
711607116
440959483
351381253
825008456
719847456
179766974
615099772
090245732
075954347
505531525
199693132
684522955
789503726
422359643
807325151
132808441
914907748
641145116
383525354
940039277
354422203
819065594
340879040
060368396
099166571
991182409
216149545
422540084
031929812
956391913
294091960
407845397
544579995
718759835
864414802
143852425
399040183
105519853
945113047
296938201
159020132
500255871
350701789
127759282
223319061
645917427
230228238
369040078
081826168
699658143
837604040
832529777
550044517
982349853
493798350
521056894
713346872
997546595
538087066
343530286
409732137
764534197
392155847
655420310
915629436
103123091
015049305
110370706
272017680
478619997
540824240
188401986
810170082
438755112
143559291
425975175
748216695
578372313
446519251
264489334
886658374
372064007
967164581
653010378
810770237
027944456
639150723
167303865
403580945
356225528
595839708
982503161
347844691
891307535
572413665
065567575
260168264
494236357
665938630
789767076
670830347
756372313
470164657
205492179
656690238
726026438
976418712
634641419
162825205
398746313
710502290
109764797
242193423
506468756
699191919
985475548
971515423
140166279
784514274
167132956
305883872
701638904
088660816
654353767
015212062
273253221
694289536
062906776
212956379
286063813
831173963
993434109
398036809
009133366
007412213
945544152
638122352
278048391
936072477
071394107
984807845
165085539
759502623
475689571
576677906
316094076
190722856
637200249
053245640
341333338
846798882
910192320
355437925
932310283
881744342
972655139
647773500
430609928
245833812
243780454
727567197
932838346
412230629
622737631
394683368
998183058
637327135
400581492
436395977
776498083
854323756
977747865
015892793
960753132
004190681
482209834
725390223
198976743
979007970
223916152
063089615
076383168
750341894
417430539
297151649
613674429
676963826
927213541
456541495
633254407
363331937
663970459
480705744
145884683
087820265
107497098
472408278
660284154
149275564
307768399
529548204
994139783
916547964
607932081
822418332
218554129
961401915
541504560
183743289
210519698
683799684
307437218
067249060
832619258
416269613
514884729
523097969
376429329
014433047
379468831
624767357
668930094
900836448
653495843
815534812
945098568
069769995
991263548
736812879
521343662
438624116
080079099
354325383
376107333
843327958
722127714
783260259
495353070
385796551
686587626
703140872
306437585
441987001
235991149
990188662
555229000
579563399
415632883
637018293
082352463
179376974
945407762
736373803
292200857
443288471
207837025
374323037
193370433
204956032
713722167
519581845
901154286
153196085
379255736
539586448
305624361
878580574
851228612
942595748
602895408
351584195
529744453
374747292
278896176
235373655
257105437
775890425
676289257
324197729
684272016
434261904
063787612
063088287
913178371
976861311
195380125
835651899
961813214
642090692
380760651
890946615
133458618
799555778
478191867
168754608
654759108
793167918
936370558
064700320
653174013
959079111
051218089
941774684
124382593
231336630
439565526
560640279
453404669
780164629
782268830
346867551
328681628
275091170
458638893
069473635
867981792
184319420
627482141
811733352
565045851
331359873
171217509
099451888
682860027
375293833
240444436
624283227
671652767
615232803
032056185
680407695
371654811
895414043
638051137
408297755
925854170
914527765
339394464
813404743
031309558
484028319
707147559
050532231
329612121
709793897
033514794
082794898
980290884
113675830
195329703
176464958
836918680
590108437
804540655
835189397
364026713
101799350
528427655
805684781
636439246
538636756
320598792
321395504
157831370
854617612
407921999
378094440
317042027
601968763
430421774
383062525
513301818
932526422
028281156
965626284
669894649
874872806
111136475
115057200
962242831
802966805
876633489
104534547
430632875
158188996
189578887
969302119
119972596
879902726
058328938
580695045
928419915
182209292
955788693
217470275
906112558
755530807
179907776
298265653
652707599
526206554
635476191
944823714
569830191
446452558
443200949
617121977
368975644
156520680
359976063
228423549
508762277
749729954
760072442
895328921
721590354
069230030
793593508
082190170
183178008
973160120
397020712
170112035
091272473
432994430
500485149
388724360
689027086
516166123
952764629
143383931
142294316
363340969
543525672
255276137
562786286
764421175
540110905
249543840
344806862
244521408
277918374
387347529
102602785
278379876
622425590
993729942
972844722
409308301
576268924
722591258
665480187
160777204
877709326
003540793
665983114
563433805
754801071
851025086
238849685
944434351
129072079
208338388
068735096
641365683
255096435
860392466
101496634
535917306
066367633
648830817
290416593
841921439
249186648
546264352
103930660
488716996
915931812
927634615
918595338
017187087
153881750
905863143
067096057
586611266
026338552
149241905
785433508
588683822
933195279
647592871
750123643
773675350
759223829
249858565
467576900
009909430
924256306
606686115
615259787
520263494
068566915
883223675
811452190
271081586
405886379
364446217
266935152
031912742
078503245
400387570
120535738
052541302
903347053
014536597
650039094
269762970
735067050
965341022
907465699
095668764
581477699
618683649
793300636
631524917
616644332
332046135
300541856
205368076
265055317
692921097
462002109
004296392
748063300
131144815
554329404
016228868
722519903
203908996
678093507
396280478
376858574
200035887
200362945
247439747
130696895
924136144
031156229
647552085
628818969
437572185
660156815
025174065
296281484
919300748
512741989
426913741
931496304
735179722
433423325
086742956
889502947
871917097
583790756
018283979
251122673
947434243
755061045
093798907
478553140
613610735
569433379
233400880
066673772
966897881
932225085
097806090
480254030
656753143
711057032
553518258
809674388
605364329
196749936
295821011
916191529
855907850
756818878
282112798
805462376
621988878
055253190
256210719
602729673
452344697
015807506
165811054
080919242
908471780
942624758
044616144
836160661
357677679
823833728
049661999
785640526
174982707
907938424
822542222
811145769
639712384
582645474
865134834
213303643
147021670
320139905
348399221
840760230
037624121
023519312
381000836
380903620
221217266
414744567
487029365
742728089
457781543
354288545
685200038
389988623
629352218
307071687
038200411
288900542
517392545
188064662
997191036
396573901
801468213
185395762
441352947
738284829
368265590
990683131
119184045
928481966
684603484
901366658
185542119
252026528
194868774
842306682
105411240
477571796
494315001
986722900
214236878
210587186
221872268
104893497
984951397
815548672
929482177
891739288
951212604
939416838
894846881
860452516
653241481
153707299
267414930
247613229
283053775
089809953
988061655
157012127
225568745
287050446
705686796
828070706
500674500
745204857
910839380
359383972
961799071
581636985
169737330
591704430
146170797
580398170
768926367
016167355
690351090
363708126
572838454
025594984
740273262
072252290
018787060
204333590
234474017
376017162
248027107
976468697
812147270
716505636
102065701
645847952
777514877
291315206
635643082
557899438
277140043
455661543
427075697
387913622
724801943
621597794
553243508
181881104
886345007
102275427
722117400
896179494
794739135
923784472
167251452
374600472
308402206
807142770
112607462
167195048
629109878
204178053
399322242
900569631
078854550
588815659
473901364
986335546
456170437
322798194
632111769
622720930
149765700
065173015
420134425
783111575
533758590
826063321
992454988
264842322
907497468
380404549
350875279
104690504
948429714
258422946
082704621
211830872
483980896
740533482
021495855
751893473
248990458
541705744
858395613
326411493
591280897
416673655
780600006
368022341
028713264
797493878
916796170
920250910
738422359
896481984
141376561
317768467
657613409
341019383
788203579
649115916
146861804
692272758
551183829
805548877
189439450
089753471
956894383
912480520
887236137
844445009
020959527
068323214
201394987
874181592
419099758
598819691
090042566
676330310
549560679
613212492
303950852
086599609
473727987
572196306
276678749
207968086
260812777
557662166
225312721
751293626
168383361
066365621
561980062
215823476
239618297
534146902
890578492
013549200
457195254
547778313
382874491
239581819
631710708
651144651
428311243
211837924
354209398
211626994
648673061
150404902
158918254
418324763
832033899
287936036
552709022
985243343
459002380
202251799
665831412
645331186
710348144
046072544
001803174
448018601
682161949
057463230
038217275
130641634
978648044
503770677
814950464
546386122
106378392
878670660
962755296
456302676
449013144
908458724
684703692
795731783
862533537
941852558
220998149
373497587
722545341
279509581
911406744
463992768
578534823
997584707
534437967
019138725
669962148
203572951
291922443
261374615
845551137
978235188
914476069
415796843
148482030
048809870
069989233
028193915
161063359
001620046
565076642
560505900
426087085
671570712
485169688
322220544
475912014
348780465
260168477
102656238
228340944
396535038
629879085
411472190
655292565
381122716
596655392
496018639
066077450
667786409
301838803
113167816
421520538
157772170
783386086
493430193
376432117
535711429
838905544
998195292
313252559
447162469
596576046
057991684
872616004
894679121
355451347
090145288
860321376
051772753
743234185
466847814
656676870
417523332
067844437
789989523
843180953
960936480
718393153
426095403
843024866
801806552
232478736
344545784
166313331
029199483
133701321
108522869
940475050
556172037
833510779
438574930
189429037
012034745
457565168
586204668
935099757
556461818
075609652
786178289
852239959
892596180
159934163
629820117
381681022
367649518
385788834
525491701
671347598
570681136
957239149
306261457
280583571
927646813
797804708
274425241
401206331
811901284
578643086
781537570
205323275
567458673
844554520
517317712
764710926
941453643
609246147
815201147
954365335
451906935
739407029
557638487
932002101
903599613
330193137
697332643
123480104
927820052
651798060
944800551
555636171
844533036
480603497
965655654
433723626
150050998
817916370
156769063
905056738
626121369
891282187
599241482
967711122
297361846
929869262
811981918
854001725
521476207
883431928
711584835
548816009
613866524
431245992
196028640
417920008
080202091
987345297
462704284
768396459
525403054
978037503
734602857
341682397
757332148
334782195
760908499
669301863
180804109
366991665
251403400
860345404
783177265
608955459
709952205
666586092
281107506
964012706
111967036
810076893
038510132
599049057
572404718
231290665
666491762
807618203
595685720
529109919
451665500
664341618
859319635
093053492
106457723
646942492
530469372
827998342
336443609
556198325
406944936
741491014
649764909
789376315
366949576
338631712
196074277
616835417
466494488
331090116
914302401
038984072
846516905
077343618
737508293
418421945
061266775
115240650
837083213
231569067
052009521
382584880
465062674
899347627
393759166
438478005
119662396
582569795
405654498
388344964
349072826
068065714
429182411
312894834
647597079
634251694
955510825
782274249
645550283
818129267
790296038
021025754
496664612
396169228
078780006
308735503
230608098
155007938
422347833
310934927
972727189
364356667
558197754
835837660
928169524
656215546
642978008
611034344
055261263
048091611
873554705
810597736
301159377
626046822
769708629
584926380
003976065
657728075
917345002
789667143
525324767
516563937
383343397
645905171
708069147
175524521
103294003
630815338
264354485
785669070
206339795
629743259
373889932
497119275
715368893
198217985
546854710
253762592
135695929
422945378
641533542
486483347
483491093
678105982
840897416
131129430
578728440
061466804
947024074
928455377
403415884
446099602
772631977
775284304
555938105
020094399
728722843
405443808
143110192
908214483
815176383
889304876
080932708
117361807
671502990
336777416
551565132
768446081
951516595
799545224
755647453
537363589
486898870
846506169
542317672
790321153
710160086
333391173
145651551
565798582
930041158
760210178
165769613
584124585
230837132
481053857
695158079
288401422
274709956
379211057
195634948
419947131
338049280
831274395
696231377
888025930
737978405
844932134
589844310
995582876
495376532
522266126
560850218
772815375
205718330
933857919
040076468
376248618
846457224
756982490
155490787
045153837
929049075
240486244
363232751
897973801
297352821
825972340
353670354
581632101
530451210
673764507
233768072
079844717
505988148
897808676
041646223
599921192
591141240
866182237
942886240
462558064
795641889
929650974
555767952
719298948
590064246
650576514
678423040
535187137
518081230
944553912
969431949
406392606
739656324
986730656
141685071
360659888
981130086
260060439
446631748
998233637
871030341
692444448
682514180
846622645
022299363
352171695
514994836
884070280
349626680
958734749
810778262
687959137
258801774
274220853
454483053
203486710
397214402
884265848
605333188
333274238
550798056
581180604
116555426
570777635
900948002
937063181
960395283
936351996
061333284
711742399
776955965
920601966
058043947
728159618
147180193
619408350
295730695
222778668
973868127
909165418
210319277
670125480
605507573
318923528
348029310
328610117
126920674
534390523
132972589
586231339
867281959
370803928
968245271
995673073
923259625
968744490
628344356
424359579
877719466
627019826
029509713
944799415
665989398
912518964
676848386
709928330
883018165
897776104
465566474
066302709
951177078
138886895
304595877
625588676
494715007
440302837
686546522
664342868
536774769
677849998
117503884
223759017
929131650
372201605
616690842
095741159
339198071
955272644
846530623
575154138
941941319
850820581
012411293
515029905
475272454
722393800
671869699
783062841
977773446
384687655
128973455
163493613
717621203
903478971
070353183
308901146
379515574
876557335
338074166
362675618
589066956
813624829
002581857
052464318
995970573
118885958
070382257
775439858
543153472
220640659
221679300
407852271
452023172
835870979
729306726
796437492
140435407
220900039
099906968
650441011
941082833
183223716
633834296
891549011
021587849
280953170
950490401
373979138
048245910
791949280
735696982
555519597
062958224
988922011
972862682
381099490
737441144
083967454
630856035
058662339
907472080
797878754
329635026
487664101
403788065
863869158
621582796
250632726
197173969
135971577
152772224
959966856
401288725
049676358
201006602
205242471
912503587
146321559
244627420
417839437
292169889
648916274
380254469
012864503
143864164
010292629
388954400
626228936
779091891
958637300
830261092
248579001
502938120
793306650
139956539
014059620
315775197
207020879
377717133
168098025
298450663
787721782
704751997
641431722
909575530
595171750
833750952
660668522
978465687
855817801
135082069
282909423
057876397
944664033
368693660
510471041
659700368
560177359
177909362
113971764
894552755
142484081
523383024
688026152
224356472
599240648
850157228
933594548
908195719
716011005
849807210
720643382
150923446
881153713
883824051
370138993
812083344
837203907
288958418
782842778
432893550
136025559
175718262
656025484
889765383
094264603
112831791
028914245
600622707
355083857
083885808
472450457
950901481
847726808
200829992
952078008
348190353
964150935
855937345
395281570
843689909
805976398
573552349
000825012
592038818
334981079
418336080
838506721
935657062
663953976
060241992
443382215
823554858
916681737
985052859
234748674
704776763
411369530
622350978
244781686
989128238
285634737
219557178
526223456
326140624
816859030
481033621
858922714
029360770
229403452
188284090
980730202
484311633
595344684
759265672
567640015
484723613
752033697
483149208
010621427
113708685
795047434
868686025
156280966
532391713
431667571
716439255
776317019
230120273
894326529
117124536
212540788
362769311
912864850
341764401
043966495
619590086
432369819
937313179
188701342
603787403
762754686
521822422
349829631
553472500
812594476
112741160
781550793
845912116
009071340
662965965
493657043
407808989
239686975
564173545
130205890
157969460
295628381
533049875
776555971
788902622
607783722
888399182
793827213
036678964
657423113
144112332
055628252
211575059
785490933
494819190
256614995
397471980
866989959
160549718
456669426
352312487
500224399
585510668
710828513
510594018
215655931
242666706
406823923
547774614
654564434
009783568
132709676
605287474
270549388
607603271
610710935
892261717
364192890
564473936
584057139
400017105
310534273
153358723
559204880
369317092
116296859
377856579
423250502
993563674
114512483
965065222
021393991
056631266
662313661
916773788
617025368
959434135
054443765
350964997
445764564
856189791
533674641
804578284
709167100
627966385
830057095
892474789
698020511
402191112
127694159
169321230
087297162
955750071
112878040
507556958
881119295
505093141
711128917
107549137
895471469
929553335
785696385
470994303
942487402
388126077
488128050
270427359
494740844
802796935
956254626
152969333
452307519
315038217
323372758
456252347
822471050
075419749
150291156
239332409
381080735
249402362
085682061
578402489
272377082
418324773
156692788
126112774
711368154
029840317
899993990
678594419
787564190
687975775
323836914
829521581
509025738
565517001
237203099
144593282
140250207
062480637
801249741
190805978
995537900
133829151
859038520
534524095
503323646
777190580
780646068
766480492
890910760
581999635
879796530
910451900
012783488
626692517
636445982
376731462
383997320
127583702
438573641
005127832
768461414
303577316
299139150
796957124
261875820
165762258
607830207
764303815
191371664
192004234
201396022
892965524
978035955
048940952
971590780
449612087
296322977
447103622
441309083
855248213
443764485
195229025
905763786
192603347
295665352
148591258
447587982
109946694
381011492
385084958
590797058
897283085
279540040
098772802
200139905
899639534
808801332
579812363
372677924
379830320
003227104
510631952
007039389
499413653
046364397
265121823
654351542
769840285
525338958
364631303
282106409
246406591
402979624
887909328
837057923
711284314
627066001
965574689
237003995
098585670
479929415
792854443
126491365
966173009
820858520
314251889
859349274
525602683
261013994
718835547
572618444
740498173
016190739
371338989
888450879
115001877
054651917
628004489
729719387
082812804
764597903
452549264
819030464
164060402
703688062
196997822
359718282
463979010
384115868
077679312
788577849
676936607
847067640
830071747
193575373
676611132
121933382
579015228
086229058
941657279
601717495
831169631
610646010
526337425
175333337
939044542
608537501
811562580
274401375
543925086
932422901
370967513
304124446
855742751
250287336
734806746
110067886
339728051
816323889
283522535
593305257
446480903
112136463
042431748
524911312
168116116
102752042
684105333
037555715
728258655
210823865
928331939
662794138
745243384
199787411
933016379
899505379
395469486
919271357
917243281
903055246
004390805
058423462
374552226
588450042
104473530
445403037
397082466
907018280
259805212
151155789
194594246
493773704
259006694
960356746
494147915
962750509
639571941
318489613
495469338
472519693
665492763
842162115
445543455
347349997
931740721
459224089
618661825
652649548
737269491
388428767
793072286
598169194
851361828
861597129
215301663
106139204
782641370
018632432
468741914
440335276
633838443
513033038
127785314
337928649
957100558
532882501
877906190
287497009
037626770
880754407
786913813
873878182
155476305
990801265
365442875
866549086
461263817
624922074
487736606
046501970
475557839
225706940
554077574
373982071
907725325
132308861
651936913
793635388
388951038
500530993
522532953
751657722
321382266
524038076
804956551
951109029
049476542
126117219
638086660
077726597
641207880
027361423
584374439
112306162
509474139
852409489
111416562
471487368
023835774
622734059
803949152
701488951
802269949
739328299
598064194
581251314
880530329
756071879
730807350
381573411
651625230
699066432
441059300
086135855
179213962
566011691
966556877
717306385
254458826
406814941
070906898
851754571
575947698
966446768
838309135
514444157
171188897
253279588
074338117
731088124
023424794
099836427
036519417
925317829
650300850
034165036
520399818
571301830
370951537
444535765
988876624
555182280
373457770
409504132
701254621
012957682
276373798
308303041
845480987
084465595
433723831
165370939
502366068
579446558
405986540
514592837
728858339
905888327
729199876
917111255
758748276
197808982
089494610
235793670
356250771
446718820
294436210
433197951
635679082
821907531
876730005
838600941
611965409
791836858
384369367
243395802
266079698
113314589
926610090
324817860
173562842
264014620
323112832
263402890
108572771
331616641
338227254
971653135
152605155
229562265
735043983
331054880
212211520
586947774
838892311
950989860
716075646
082364316
913979347
662143123
130062942
484015491
596928661
933510833
363068129
176225772
938115056
515124606
446401532
938040559
107511749
894600867
010191533
759594443
591375569
505012047
912170781
288904350
683181008
419671952
052232142
355095738
267600894
180006025
018940519
686155395
913626785
963462600
031059178
726429305
645797312
396102947
197507483
846632927
817759536
896229060
261688792
029115147
440373377
020454211
799949490
197257103
255329740
723572252
860645009
202590896
489465578
555828602
650420708
363596341
771547141
145290458
284674661
962194968
390924829
491292507
720085419
595351506
300750024
213900761
294654862
376844150
444970346
932892145
742454976
512012902
796240517
588365581
721222333
467308455
628936597
833293878
675380196
718910376
686283876
667902064
027336749
914316243
582051573
719426597
687551223
030860806
191684854
745440754
513308008
916096155
314309024
295714739
953646389
072391677
474506641
956821633
614236374
347209008
511341421
647290556
967751343
719592815
070051914
841756492
783765662
474483221
572422156
912454679
547864706
537401559
500294162
788967971
156555942
523937931
949570421
163347213
087464599
379549648
776106750
533164396
262748310
833763472
549648458
969756173
242836472
155084350
758840326
283166738
881107925
978958135
972864519
616248646
070386289
602855198
375252001
500472129
906231178
120675967
081334694
465272998
059320795
183887931
686691071
513425755
277197156
087979988
256543129
440448546
756694782
645765804
276477859
094622411
103747505
688914871
588688420
201784411
801212511
823810262
943337028
349648927
747456207
289096607
635082503
973616461
316947527
342483353
108462851
153501013
619674302
441434583
918596472
112507811
411396285
741314026
656940271
403755768
806062541
363555122
403878367
140155380
292215686
126962095
678604471
392556456
359036297
643576271
564437525
617457398
981473237
580199932
661559122
018986009
387394392
876273259
971299330
367234194
837346319
817352970
716502391
397380277
840902022
069255074
457647677
920884429
690619873
653844647
061963875
856177476
797997574
344045617
175718684
519986857
174992066
411942775
535115771
107595013
179471017
084178585
217344329
597352863
245679847
991698440
234610824
876607576
496053253
808201448
790886116
061893420
517419729
340937530
147679995
151252255
930181610
820438099
170554054
674389019
263970058
968899026
963387701
430164891
857186590
619156969
835137263
434076287
385724529
289513542
987076817
372070796
123417082
870595541
645485952
924655126
751524116
784406818
031519970
385871780
529242345
272173094
402678621
326307371
774883777
314066084
904641359
243706156
343987022
958025206
965804864
945397589
518729225
104083180
183998920
868677196
766699591
620915138
258354558
137981000
236981845
222183003
966466030
552048510
184056912
669467459
557964239
518415845
963303266
938607507
772005677
600333338
118315827
443314518
820642002
085334355
575191910
194737804
253121998
180314130
105873639
562434680
074435572
190496546
853350297
921468191
470251942
449066089
362510823
265714791
107118627
532779155
841475116
767050230
403021926
601354982
053391685
786395298
649501322
716448621
795836988
479413862
499304088
466946891
042407577
484761704
324762601
730118415
444560351
190133270
609472357
938430181
428759820
658741575
399989089
012302912
404185573
044496649
712952531
710061501
435399805
405638574
281865920
940616880
481117111
853041496
351109097
224486752
965706918
510561715
082877002
370848818
327726906
845274761
643178141
901808779
170771237
527154460
072273367
442841288
018233580
271007161
032144552
477881390
776924234
881849483
926364419
783583375
535262510
118319338
134939776
978963196
119760678
997716546
237900564
085101008
483102389
623160512
454906971
601824688
151148494
539208650
895150286
922179845
185880548
577118058
170624974
150482650
099620281
704172239
796841519
837535808
478975412
342280394
385541701
915267468
537378965
336823726
975063391
096941452
303393358
242308352
885614740
406913130
826447954
646159469
392034592
993898866
231487720
871431058
388746622
726682518
339739050
178147861
172770050
006861129
638002015
385419700
923293158
523210681
800477938
567346792
189267233
717046069
002723264
016818765
234119261
269203596
560120747
396118556
317105651
063502070
564229709
465723507
426699864
310962123
685193795
224113693
329629212
498813270
423898610
430395230
320652016
334322479
719906609
422323055
770901882
745423168
788227958
751461228
595873146
858074541
921240505
150473087
433555033
705468263
427594504
720742078
280269391
726157786
482279603
028236053
967133951
639029106
406183568
507809584
275365884
591386663
389126456
964667762
728308257
114901476
795168744
351860637
761914578
270294750
935235422
153053206
862630489
421127464
982648215
023005258
189439826
396297958
774666376
377298628
826489414
932357784
266378212
149859256
730326865
743433246
922928837
021327492
167173316
953068052
745664215
745576201
661845552
504446466
328126094
225506690
352889491
138682876
274334773
029975453
821027972
467857336
757071078
568385101
769238369
154771133
817843833
219218710
370565954
888538700
358707780
271159896
611904125
381500038
661855764
409145004
918465246
060935912
605342924
965235311
791115137
378628424
664798495
786952071
303111836
492037765
994461487
886367415
237198402
258236751
075040439
173635356
068151323
162082309
748497345
743709265
522357681
078762449
127117796
667833657
979265803
480255228
338414996
281486742
488674292
471316723
885416791
247988650
950705028
821012857
778953977
657197972
466970486
178327530
073997935
521528158
840507655
065379934
818050383
563439634
628061408
621104700
555026644
245533618
561607350
293925353
216992492
103411613
442419994
178498320
359605012
883077903
506394231
902920961
150675535
617645898
837668173
788848028
264763758
224800513
124012085
917065772
165362762
701938630
629281508
966714439
117258943
210352134
344159538
789254758
250283575
736996583
056033157
610469620
840945493
747823173
958324407
618554817
759496915
258156740
269577499
604175550
421109807
886373759
074823356
293423099
220738000
575175544
761336369
916171332
891897369
860473741
076606218
473991225
910606105
455276134
357704713
772808586
256845033
892694156
237019939
184486229
331120129
552935265
646694003
247378941
037752079
186113247
041412520
838162371
233799870
507036237
911893493
394107226
662439727
742601178
578534478
289079346
460547724
354445925
549831097
701731497
820214505
068810686
506876294
942771480
297419632
014392908
657359143
026400225
488811600
004516693
958947897
486984425
367763024
144019171
481465879
836411055
026267198
730099647
862049975
865163824
364827796
346068337
797073383
895278723
591805998
044739550
218173441
828918813
579930717
947522848
752667467
975752052
355968553
928883875
917646425
670159906
177569028
539588081
944083843
693889607
526165709
729718636
107065778
072479006
414511773
204959707
585691175
950420807
942455174
353080027
543560359
276498617
350451178
190165052
784446770
416161275
269159385
216019635
464506771
953782607
862564054
677592825
833351483
176883629
113991439
237212385
173667561
570136538
255631356
758486363
728932428
779964864
973992494
312978569
435178916
801404158
890252666
359269541
464781970
891410913
079197186
056858450
595145113
404782408
119180036
882539606
550575596
646731648
204180228
840482276
444725445
069659980
868367845
729234384
169529960
274560460
413273481
724270023
920102295
968219852
948994737
680083508
542403282
509205068
454738541
868653428
758279802
937187079
682941653
723697315
161762300
922859034
656263913
545597307
659190840
469827981
200562462
751633406
689217329
779711789
927255827
878367590
558109526
697393236
703426929
183538938
755922035
003757736
747583146
992496020
444513510
567581299
870891865
747747140
409579439
667070635
015781701
798217323
527197423
125474482
264855989
198425504
191626733
539634551
174946807
142620926
280171944
303702775
099000867
561817227
011274846
801250739
271156165
502038639
827652856
436347282
024222570
781191610
255331110
511152126
772416968
016548151
389054778
778005871
022017078
558281009
625949961
383404133
971172712
842651347
527581272
828639683
056220071
194645989
656745459
538677130
334073628
261597443
315585801
270666423
527008812
115956999
839973069
207046174
339469019
201450023
574153319
550927549
661556664
789822092
982870335
762743706
542775789
061644707
332619019
492333284
453986183
201496619
381096248
839816542
959653208
328133509
917771649
886025223
433249023
542294036
197603878
047218345
796036067
664828099
247071094
638725261
471128591
178745140
113567377
569917726
363127275
433038106
557559094
926349039
766008395
013093956
780156805
617418032
562696651
539662236
164774708
295675181
192860276
646540007
009177888
367958067
433485387
601152959
279452630
038226666
500267539
043991180
923149302
267076698
884894749
931265394
325954277
781575225
458574394
352175405
302289197
116103896
006803250
222199922
808308133
951367194
159350351
889346677
923656113
932227453
110336210
391997259
980483906
693797675
078665082
809568423
109761280
073231962
497934339
113996090
700110355
043497768
616198818
407482306
631167294
301030976
956577396
439480992
800549117
343685499
458210414
632117668
994245919
739800128
092092404
214774303
054911477
360082589
650281660
792773576
977363579
648852652
121124990
504049512
689996576
609310367
047613772
852415147
241694488
066759699
404196802
227216171
335702789
979917057
215545453
871561738
542099522
434499016
555602450
634833209
153430418
456373230
375062094
441294694
736333805
636172123
149871129
886645661
429059483
371815205
413932117
457808387
047167679
863860381
351305722
366563979
491729969
227198647
233388630
451907790
438598056
453908383
877457731
802924078
794322781
630486349
937388236
295596184
421747915
263105870
732222716
271446377
646161328
483235393
708752486
830370854
323230354
850292120
868484766
685722493
278911179
838404846
511318338
674000172
523639590
079118736
801294306
758520677
429837260
305094935
140626860
043376515
480402191
563642685
532965183
652950673
725500107
719067008
864974153
071792216
649538203
059375937
340373875
469429508
193173757
261996097
126279185
834456256
891488526
491669415
007783310
014459310
750166693
373820804
650695115
823142900
359818893
206459450
746664841
776682139
040603494
406886081
452907274
622465398
297111758
418015955
428935046
948574142
914337586
089362265
128816459
456024839
087930868
759184942
145725365
769451687
848217253
207861082
260644213
556850728
097498019
306998616
606381662
790033716
728818422
818979728
306899025
530493594
029865880
119499394
244831753
826026805
330110455
314891274
583706229
591833694
738659499
916891728
613957808
324082036
510436762
251914904
294670609
655013452
009407766
993971393
011224580
394204200
263468248
713815240
264758660
660067103
682124433
120841796
470703725
022744495
422216807
241951767
147493201
226880674
320085435
592024824
832839004
047457833
804630436
142606603
926614936
039624845
551443356
998679291
094764126
436475252
290300479
412671740
783058725
313280864
631423039
774445106
249916769
110113072
941567451
785021364
948429311
434432612
987524074
362153234
715725546
948739772
720670920
262759607
179272331
556302720
264125109
019356555
163874494
213495606
456969057
391671294
342104816
451528457
801686458
295979156
236098160
276885122
437961880
199486535
625477865
681635337
958170545
018539848
622105031
622499278
921808914
952232870
874793819
525489609
252127116
956886426
689777702
357697102
489146281
650238830
401793790
722248127
238522439
992318003
073903235
342414819
241741550
169297233
770339157
723341098
038654696
928002779
744597829
563806383
807236174
342703049
139945092
682985521
170598997
573148481
410040902
355541230
067038894
289173141
958969544
922109224
030710294
688678292
586055429
004246099
106119173
569283559
449127893
479079136
939770929
919173748
183186997
196156258
792054774
890305233
112088955
671055434
317695426
946880400
659916642
910400849
901155892
202982260
218492205
350331561
512442771
967931097
297122490
855991076
027265466
076179750
694629750
606423176
727966904
769382721
623600824
673516451
884141971
105652471
099046084
290392221
833411123
729401207
987175443
016696440
821529482
748372951
963068863
109434009
007644907
331196302
151329221
072022870
483285286
715546872
844729134
964599365
725873208
725805610
871531770
271191405
889523958
668031947
477896417
880999547
697756959
590174432
695267503
031938159
542263103
292697088
853756303
740622265
631041524
425225597
888389213
303714669
196336114
729735287
197677495
669268054
929565471
495888194
599049180
003579142
752221184
765772137
184993587
488426910
430764726
147583988
148290783
024422653
393833506
133910630
686855691
586813457
039038814
144272207
719139590
275894354
183425713
035934532
552744458
662559630
988736643
882241852
934718292
588735685
253154878
996612230
576378972
275427391
458991650
743993792
284489536
317088895
406059162
259194224
643826673
339897538
340187621
923086709
155003012
178815969
838504706
719918380
760189366
199232404
088888395
767283444
335552536
434817654
258214140
737955074
182163896
196738806
311218106
143344754
638859574
875943005
018618599
154217228
442324539
900205850
347048541
815451221
334613464
630457477
402076875
406696739
335710424
840346403
596350025
843475816
632256972
632759228
095929673
093173832
907471395
280472788
712845724
102742038
349479110
638797401
347692938
025122949
283634026
340554816
168285657
477032986
008752571
331425380
619481532
156058787
565780902
233312094
578828783
051561275
349833644
379480531
701845008
229133679
702139845
019724987
558421172
047327843
459229746
883509139
950377668
147273350
586444540
318649461
819579308
273028562
469662896
199154430
131107146
839235859
265056848
988742955
532684065
187632809
290108223
601576128
157291903
585180744
647926365
106681192
868493443
628392140
354244220
518015189
830610795
570122520
336687883
391789290
291806872
205490491
914770757
045227677
739320018
260797310
953036799
922522832
475921972
225553172
610386935
046792262
098513853
408090214
150408869
037391225
577911761
479360377
458502424
568579083
320055434
476308386
913676320
600990012
099115233
690735232
415072120
308473420
315635833
772558586
925999273
080997936
385126564
757626801
646409745
020822291
347897929
398057184
565799153
771528932
968427268
040013688
985493255
127587019
658096144
997845055
528324265
994099480
202709975
895579852
679874812
914374589
930129628
935199118
576139438
585929521
969376643
866110627
820854255
886801144
249923422
829128585
813611810
329196104
253450920
650004869
838269838
512260592
611968045
334439149
527930483
744115707
251820140
427427401
029338776
425498227
342278012
846463069
868932060
661428423
237258135
219803874
317589308
787130348
217300750
394767240
251270200
931731569
349870447
195289587
065428822
256467181
284444926
850677299
224513377
844205470
145696331
168284791
041592353
808657874
158086029
201171940
605257621
751119477
400839100
941823975
366766316
916526833
307618984
149226366
741718732
320160299
233234734
671869433
075579416
431232174
131230200
260615028
976653613
827084222
769848482
597644593
372447080
505884181
386966235
248571710
283093857
384008589
674062345
984133702
414324901
605658267
200549175
944136710
499824951
469834125
293874109
768141898
567946069
277208710
212881203
931388012
457874193
348790400
279466403
863172179
757030079
644391498
947402798
178394842
736696479
727533979
350071517
762453987
199646699
837407820
347530121
409732361
430456230
641561350
277155866
295164596
896925794
711613098
627452560
099418513
558304536
539222977
928624598
858945312
490546785
851108496
068198623
994394588
576161103
572846838
477694236
682198481
572833915
796598656
394058283
144702643
615750108
917637273
577926688
356573577
000706033
938189306
053034476
220187794
034210896
106909079
392089483
804520831
687636108
998860225
340481702
566642489
518855245
681309722
152656456
903135577
859357743
076195855
347205782
821083503
840410259
601649742
234015613
533814323
026576118
829289744
900955348
844174422
131407707
332224671
049414293
174490622
043191493
282272094
309973007
032045906
266587070
431952486
507918023
507854951
254560980
037195365
409881427
960481255
833305366
555589187
081832111
915515169
315945627
087102024
217190037
958758989
563777787
873342791
992152313
971428717
269382100
407171001
847031693
680964611
576677190
724508215
224637757
513528717
394567799
498840392
757035598
355703559
264450577
292943795
118404817
325359406
390142273
831821565
578133445
567739697
764475981
505830650
153582285
766302925
283354915
466475701
552001055
044952370
437717703
796456867
836088839
238014640
035394653
979465276
362744854
439099398
858083366
597845215
333454615
469409686
246426982
163150263
591395989
178691397
025291033
283702207
272069549
877448082
021387913
574580901
412744236
196386586
687226779
601875071
048643117
279407636
226017272
299563897
289519670
540761643
040313800
546521888
943949971
345194421
978327853
143359577
837065774
483872132
588685254
390106851
394017465
747734234
009455151
386987953
440663671
327631882
853385086
221509943
222440717
457331372
312985402
553289939
442330148
343701829
876788587
851901677
388742271
517990212
508846711
135121107
450997420
457017567
061084557
518135425
820566251
497056036
422826357
100443696
533106070
523248072
596331458
890428394
157876706
860660453
491031048
165118220
276851431
695965390
114295073
284878063
487320255
358810060
921547189
021440057
527442924
694725262
233385733
127008523
730073706
434076543
288779750
221758211
024615038
155254900
223441658
106261377
099224512
680385797
914655613
322860128
564035598
058683362
673853694
609824951
901240236
707619473
317967899
870509377
988031429
724941429
098503429
511314648
067373272
223615503
434257177
538791998
720556996
957339905
739166860
374722971
781295149
169878924
468412256
143515721
972658424
341898868
647635172
410825186
604760877
422200207
976158658
387362870
741165397
410449985
612466130
653433094
674351155
012772374
962858885
610407337
531302300
208054290
516546452
661148765
692531703
615028812
630985040
697299715
498163693
550474975
404826358
399436195
866066952
105000412
609935413
316924134
831613775
455707178
434885274
502055578
032395634
339104095
052478181
931221042
502721235
175787287
933159533
437637956
963096590
848563890
082926761
587954679
717684990
478128713
523949160
922699808
370587870
821079813
282281925
115482165
314125990
451733913
492772813
048762128
126369851
035639285
524694183
614916327
933061318
134969331
179484876
245148363
697611569
674151921
958354760
302414293
908694188
104524322
843600748
989689775
241960746
073704793
840546065
677056993
780349983
625056421
772455112
984728481
184622130
231155236
859294854
853870504
336799185
478250023
679811128
498306698
184887545
525328641
767831307
620159710
075866211
944345353
378564778
568486957
822723325
791856321
992450039
140281507
819843467
900515619
841828358
424815479
429233127
161048182
516281731
014054357
896007871
950560646
454287421
287109152
673646854
221496687
617158701
636571372
192515384
536526987
545737608
135447732
934368426
275652289
882176672
199436991
054652908
862425766
150238396
445145660
021864911
410321846
380013282
751981836
155686801
986659289
055682427
969115119
480297215
947457819
867112108
194852461
065871712
710637324
969252811
554032350
785872186
117248797
226489363
539535302
457291087
336478076
907003189
573105237
860240026
683348207
456735193
216014409
091555948
709611301
148461783
549222456
790680845
297562323
995461190
807480609
854660904
704901637
318204367
239267192
029487650
226293478
136529760
943817434
675685760
128529965
441763086
875000614
164688050
529871725
272810771
497893670
667508181
296139820
266084493
632866384
582530939
468030894
647467639
990994237
662731036
656283477
079896498
798548428
320050129
880973466
931872066
029787171
562210318
323636071
543814053
020602925
817629254
852684986
473558102
131021675
108040992
236157145
033850701
997887980
538180386
112390815
460092539
003003571
146183029
583238713
543128240
344805124
547180249
603910567
557436873
476507995
161929796
064106966
079042583
807347011
548005566
389472417
200581074
393902210
978223620
243907137
584117305
111426240
240695797
608383328
039604049
823919354
998834368
554000956
927308872
144601805
258612809
602316556
151534205
480035718
350734544
910262413
301301440
746594330
400369836
387611950
649052964
394032541
605402932
733257756
744468969
209569971
591663123
725226783
325127605
697776198
396592329
698652365
620539404
524208129
977051988
350100696
571555856
372811626
436365920
378871893
493826626
564882244
346475032
902293163
592305330
670246163
987915142
396867396
467035109
046496919
962114487
520411431
346793508
713983468
625862541
429661672
249873268
821076550
877407248
239402271
945291948
959643253
176300063
315880880
417990637
413456560
213934549
097769053
042148434
353094056
812579841
249732684
702896496
490911161
155438145
244754948
917907675
562826470
987233973
461175658
119431586
003421525
350445118
989755347
744680912
615215569
858268922
940488967
926120468
869548985
745110795
485163233
501046903
532431799
196114492
470566409
522085518
740776334
297498162
191389504
741758424
845450640
312954850
331164008
064549662
693425556
918442893
495421759
152075960
742774106
721418176
386647462
119369621
358008222
337603892
708589199
025859488
550746740
297693151
600080657
853607617
607918287
583267075
228481370
409973462
228332028
402125447
682285496
855554115
949337306
447495296
316732911
157668449
886870318
470256061
776899435
411237240
079677854
864478445
540802205
861408759
197161365
874194981
932563016
540087372
226543107
351999950
537896895
536684372
139354275
948777896
493262830
419331375
788154694
239902087
528621740
255565943
139088923
607190269
302431005
462500832
792096044
607620906
158371856
245883473
870962142
529090917
194092525
433491091
982915699
225092079
644135516
544161139
216288649
560428359
057114273
233022398
733798297
359952048
704278909
743109461
162808443
364794546
173096273
287031162
536015649
127960681
286192843
395326385
178610132
884619246
900409865
013370056
867240381
243384564
251627645
936666496
962511757
741010554
753234144
919240590
542723195
432666553
884910270
563001861
536631050
798495810
660589148
574050444
721676322
729095034
304405112
495766374
149659581
934147883
175631097
382476831
302864550
142775139
800716928
309859049
443445529
731084170
780290041
024011260
805115859
835266202
178879255
046637461
766014034
727522584
072912300
072051541
968121176
653112181
807983613
597261361
871124382
448762126
041276015
550085782
239743836
774698507
874081185
290616507
143537193
613837829
939293016
294577628
703977079
815499724
220735694
474832105
010852627
365111319
268744461
166725253
410132824
776248199
003893345
913149358
418897723
193588683
713067373
424320132
698475438
132363098
933066135
121221841
914534593
032095765
651630936
216250652
482622200
189623492
311646328
571437575
988629887
446354304
422536220
895403010
043380213
308868765
406389667
278565224
825914905
633627181
603723464
774502663
481073525
813344124
135575595
251729526
137109741
694885779
513418196
103140136
819441733
034268599
261238734
857599908
614135706
440373527
578007254
935423459
292570342
061976731
487951619
750501522
793460866
086306778
795665686
774810819
875307925
880494686
170518161
132679379
380454329
125768448
928522502
005431902
636967341
465463353
204124296
671972630
355498794
222908688
882294191
928059752
609245918
254579636
405303395
490123371
853547631
835110700
767407446
940783614
369433931
445832786
037952959
764039992
518733799
122392235
041732267
093315181
438111465
969884873
553882557
181666966
517767091
704918052
946746721
913218369
604966659
685957501
745341002
959101838
118300752
694399987
914390427
846018036
859035449
382364888
606941462
189455130
174897795
398892897
682599276
834359379
111208502
503651679
686246799
506183461
112543110
591427536
097671323
405702971
941822011
484814105
184586470
417859219
133472710
764230314
224406083
272628592
983975238
110023926
248012297
775078602
893012031
134910122
531417140
307587644
952010517
521695004
345326170
883746091
448036997
310009090
210028460
547281104
512144169
139616311
539612205
659239159
236452105
592139092
445402458
735151762
581794112
437665489
876851149
847358236
561610675
380658599
683661776
360233302
406173401
528964450
380378507
249354335
701017959
856793223
190123682
269815807
917425612
741167320
801754068
110390775
988341945
332220396
189360553
520158008
826221234
869014537
343668569
538840172
174396131
942803193
995493065
608046405
865805927
666293297
668961229
777773384
459607354
029349611
915847336
883983184
566271871
546292230
509886128
125924208
421255044
348848797
363615197
976379646
482406828
544591820
626654880
992361971
693270653
648537194
064490581
011396276
167727716
660178014
135818962
411397819
727762259
907644803
614159885
471324928
293000432
536963719
180677589
589525376
417790490
030405325
293065194
320407362
777034486
652710109
426524072
104376259
392856151
503455489
919293247
483299079
988636981
291848776
603776502
319653161
971309304
657829560
966144534
757871924
872520748
178024146
687285158
454662978
760556391
513656927
681984234
644500703
451153381
179920618
441953910
195696309
731517461
179720769
308781514
787036704
368881921
816246536
262130354
781134086
190330336
535802651
330361478
934258096
356526745
917101659
987057041
226980373
821816984
378505450
615335764
278885513
842131354
735508517
564174930
772100131
742854923
318470620
869816716
321827038
557461081
188262083
912809940
411172459
221765911
704488575
143422004
022543626
192527706
115620293
257075186
451351052
046494496
434296458
806416013
060333282
506659266
169197430
112034889
831917690
506941295
771163196
757759449
439433969
026511058
222272772
126697105
905473447
062076072
128688584
477641140
537342474
762398379
565085884
292957616
522360478
961806423
453210578
474588947
072104895
582388167
552325578
904994812
428365939
418388075
085056046
987106362
412463184
054410779
354286281
521377222
731116821
743377357
042115325
141810853
228062546
718783279
798212725
791938754
677249935
442551311
111559093
317891807
632267818
777238245
597555373
502389194
109099611
497208290
716427149
439177176
740071424
587243013
429349703
937615549
691685941
539445185
665211885
137463614
209675846
436147534
664512531
819093286
925327868
223267312
792684782
757134579
818767359
523659457
832098439
658431488
718562917
760885008
347019118
573411733
750612678
369029609
077363519
020999198
378492736
555605504
987853020
216587059
522482573
030446037
496437635
034168976
554602246
577187868
292182407
889603683
928170720
452234184
487571691
720167079
143832943
264672794
432965169
016056223
668267301
798738752
380614799
268344820
248982410
151935557
575510769
612082482
454127899
003430742
540319944
876501577
486937810
849970245
981055909
163589108
003725787
943879945
886361515
300996683
257488252
717209148
146159202
004981087
745226367
293383068
277702257
471593099
208960943
835119990
978925919
821278876
179036254
840585074
139230067
003104933
110875422
789819345
577566867
030285965
222964499
289626017
942490843
930401526
681989425
765902065
893470795
704734250
182063735
345533226
093005073
835326573
566212241
194807541
491838524
112374774
519498079
680579694
612261185
222605073
682024187
558581888
162832545
207635901
347377644
457741079
915250483
777144435
383882261
536249358
480072213
999836305
753992464
621800182
763199077
066751589
097473287
848799678
567451925
307902358
461161849
975176240
537088785
110058742
275022562
726564720
452489942
900699750
826873911
424251518
823641579
586952583
204698003
066054339
583154289
264188116
064243186
611738259
217399872
407775102
466103344
849917717
114457801
556077724
774839054
260623407
697767960
727298346
021534608
364379526
181060219
892301832
623310773
069634617
588176262
735460754
136774966
640948981
881148400
591974671
683852340
425616884
612350796
504714500
257442377
883181568
653086289
192139633
325496581
552468427
219379574
700636347
328337106
086564089
627310663
099876244
674431319
740444727
973627442
941087094
660503342
055870424
168049349
739596017
089454076
278622127
257840363
786827135
638342479
476436668
482404682
899792938
985104349
514408793
243276581
769377521
033890216
681666551
567004030
968617397
996244752
708156626
252923538
196102549
042305328
113548706
888737114
675592766
671848351
962656891
923832054
286541888
320130305
488721252
503683220
724881053
016961040
945069142
948554788
664370175
547031787
376321052
323180893
667287893
023123415
032193372
904958666
966649984
776126373
793612392
119865666
530417531
015579538
743504410
968059561
648844596
457812265
277878616
982469157
903132067
291327921
265782051
563571551
708164936
972162980
352667386
976101043
680033888
907748434
174042998
161400860
752489556
172247499
026755266
206625860
204134481
271345777
052074029
198860094
907709425
743219218
870401810
740948269
605737279
097087330
416868023
064051588
095371296
251670272
216950742
428831492
322301953
494789279
514215837
324943221
385689678
165419811
930244951
627542754
157827560
652674919
599404756
195266067
375335353
640145489
594894742
546839467
903592158
357162612
219178549
148501247
001383036
426157763
403816887
160699765
854064093
617918505
097399610
502884648
607137626
223584526
655229679
101971331
840504422
434252248
925918972
477299792
936111343
403638889
079917618
645858017
709385607
800844656
424033156
752202243
144308848
999854678
677617825
050018861
771419664
446939636
471567621
299231177
399864698
338012773
968074772
028448410
039780494
062049541
834224633
283474668
156172447
065468225
748345777
767092195
002626221
924663282
045944121
001193067
647543470
633275914
426181973
522552431
491244949
324212050
705505978
904795605
048802630
708250239
049502174
790593275
358086055
002111825
259547969
931475622
491929070
639101715
141694996
201347352
992492394
037369291
198199353
045239817
865771959
355065300
596456414
629322338
806168709
975831537
859672940
954731361
374582575
060758398
784053806
101388979
576161925
566054048
823524391
571697460
019814699
690769136
839096743
262901602
587056485
382885274
088639551
521510414
928908403
956368653
458980606
391428666
927753805
556448775
759541021
762286403
584773658
154968077
830317876
428747453
464490050
030823403
348055219
300850006
691156301
978242939
984706200
971190981
236470165
194443322
435731710
970747428
126113027
897429405
928247930
527698763
721416456
584517336
318174786
896909779
469511209
560031085
782720247
637047708
124856923
604278127
590270349
444017334
995981899
092616918
494605453
745026365
097066684
314176868
832785317
232700494
563223928
235301663
819755560
616238072
822222683
967953375
126559349
827293301
749877885
472277607
149261289
731526925
814922321
396084167
354797440
326928580
544452648
308563482
381665230
428644017
547687470
293235650
174016507
172557295
294311946
023294742
254098013
413088035
819232064
124890056
588451365
852214456
702852160
792233040
091534050
153783482
693776790
259362992
971694083
880510977
917735574
105907795
504441795
961503588
510053632
892540657
855955645
460525459
783417801
243310267
204070156
987078546
776692492
337124671
970125452
714903828
792852758
328484082
240579152
889718620
236916471
458652120
199556143
100425563
732104246
369837715
824381510
681408797
647236601
279679923
837329064
807005952
890995589
367664209
057943891
920753797
867527980
443364329
580536519
695160743
704140108
229471504
325517445
899256485
439314432
940380116
490853535
096239234
820387632
037711702
137260243
462343803
009657383
097728780
145998110
573371974
142496727
477553002
155332035
006466704
948356206
939836054
360953276
804000186
921535630
777390931
838143705
629018862
624652401
588314872
326658098
781541672
173954830
099314905
800695799
839774008
184130358
994504131
238569788
501728016
661943784
930851713
730094957
505910265
905397394
420784732
044448206
853298744
425230373
836970132
828736794
075580916
915533685
641715178
311772289
146973076
306775995
072017127
339257706
687745512
787423505
924388522
061637098
479736526
705662201
792411093
421954851
119380421
577977129
608046267
461123317
713555062
082887566
590387537
420656220
724669336
411295625
131153951
082378337
203395490
452711158
976695251
742668277
253403417
281575453
866776587
219510831
679924906
866397078
721840482
202546889
415861183
714119500
628434705
965602464
078509051
524379556
258051643
120685623
620770497
099061026
523985805
718839243
663332524
643482449
285730172
932150754
317903594
201366505
837688322
803540910
427521645
365826185
849871131
435757141
899901067
708749541
103189834
517685262
334963384
641829700
675990033
680040526
265841579
291182432
907977340
591672172
674053665
612055760
550112663
179222440
840983571
792271447
410383603
664110910
083155915
896254242
452955429
342940222
524631500
367584176
957667399
247304794
280157859
982943007
813255050
945651270
499940065
818067293
509791314
390452389
361038637
970710268
355061121
336262255
185681771
552009615
947056852
431248391
158869758
673457698
727956095
603241343
256095497
412201142
723326674
623504607
152505831
898553663
846139925
059258289
855066447
869054340
828109583
271107933
537066818
811308810
642590084
598417400
952156444
383190250
322390350
256861098
293278694
455067926
759857452
189163866
666306752
783134696
754584225
378298569
458541485
246167569
571881164
479726060
660523988
012493184
050942340
947532087
256147072
446246930
861465613
873585785
567886927
463406546
860284991
034159413
145762679
426172848
977573521
968360240
890862056
707305472
299699327
169407169
985673679
832818619
961531564
293036750
251495957
672511685
209273001
237205402
520511968
936260702
525927435
077198369
913619471
775323636
446944481
378226369
622023872
964183960
528223691
382453544
293422284
281286949
195314063
107597551
349181113
476842644
053163406
553757183
311846653
908987617
991621596
626828887
551840244
798250801
444753352
020335756
901245738
604875065
954152109
419457492
886965604
797674185
565757182
967383656
534250362
191831890
332876970
204774664
527834775
289661456
885919387
941131021
035481623
983944925
791857095
260530250
820090352
396382859
903814887
556238516
781276206
516807731
980823939
469627357
392701072
955459654
532188184
655510444
087824961
290780080
242674067
033773503
109484705
105052399
298205851
476169560
804884437
951998682
931596130
753692637
923744057
847780794
542749979
045704359
960336026
561358822
635182975
015593736
963422416
945500652
919533487
990471566
459709144
889682690
854686773
760068113
034437348
440719466
389454027
028605467
302346860
898979646
709978536
599769193
026508459
594495753
138508545
665266526
668149471
467913523
030144127
936368001
606007311
158101718
679091410
106652678
378597634
955863249
216660256
834260249
283134264
769058866
447783285
319313200
593463885
579589826
401649229
479523020
594408304
161982205
607959090
130875135
233110120
355060529
672092641
721981423
155354432
252527557
386225549
292504043
720461222
759377257
943797237
777683918
027689809
108773285
412375517
013073714
616478846
486748483
670183133
344168024
668331127
968696204
049657029
897482057
758090867
823079604
843410499
541979260
329570997
468756035
070186973
708893338
355437052
844391243
773494162
881499913
960975324
454029981
763725519
147227453
547380228
714021648
929495805
802463694
667000600
636278373
812326552
840128192
926350234
455406510
654969738
079098122
778905599
269729307
628276865
855513989
091775094
635143904
168764909
299736765
489691537
011495317
037176948
125459756
126587888
445447862
642823617
133632676
698477121
986963492
799120516
705075306
145886307
595390370
345194790
186819520
621067001
071984807
535182352
462167141
249212394
845229996
623580586
608958257
762507038
849516805
066404585
718438535
458974672
518869950
440192908
395221169
458826906
732566215
775426306
680277773
638276707
983555311
424628843
441589377
867137070
913581498
866641518
549261109
324039961
419886147
639729717
569723676
148940578
306764990
821998099
641956129
276173233
219619468
670364219
639428939
616348053
612437873
382162494
881362221
138471033
132272601
325064030
269409780
647976563
828140911
004969996
541069873
797946185
602259462
837427537
553814624
404694557
894309877
308605515
119702438
292901280
329318275
281674255
986849145
069469277
240879915
515320755
421628176
964141612
467355825
159729177
393117821
276741411
353069153
584689343
246395949
318648045
672839770
298622885
545098134
337270521
965573240
424090158
541711141
870801610
849594838
210335693
423901695
393442721
602224051
223578076
051850426
786448503
985599795
573463529
840796736
250951491
639956001
657369809
399681833
492532409
179923421
341875310
316650470
962621046
064286159
333331284
173185210
052054971
693327721
707628383
483697266
698755785
097903469
708498284
123919375
176284253
088236735
326229201
709044004
453535142
907506820
610851104
191567816
611540894
184209165
447372694
229443961
536763217
020203493
606809800
214510379
798021950
858227662
106835054
228759730
143304056
234139070
136727994
928573895
270167092
814732514
604348048
133055540
336988307
651546624
981375635
183001904
084240687
801676035
517937898
020286584
750698444
470893144
710691097
319523696
623680490
488958638
803141464
432961948
388351559
231397834
125367620
911505624
771525724
338717627
934882577
810982047
059819998
769281847
941913548
314347322
907831356
914422320
600981940
187362360
231985189
679869184
140753907
113706182
615045377
930822430
290692671
838776594
210276235
464944246
828834373
030139182
990650398
723252159
941258094
157546432
269824997
580952790
759054669
111180270
690499626
830106879
177933996
394784110
415688885
853783278
933770622
070215853
046149524
841846772
573899340
299867509
842780479
386927058
044608325
084299501
793007725
874860390
090657424
579571478
745772009
370454490
535576539
528601523
361737226
925771290
333746664
180496178
894700565
663196797
384285371
937255890
197059312
428939716
386330659
582150878
482829679
750976935
361026972
210741331
213811716
126389006
855447912
741125820
935076256
108586165
476491384
320829015
827097435
329751443
057340829
833915839
647962512
518530823
787361160
552227523
248010206
205358307
035954282
608904142
077660136
867359742
778446524
575251800
854359402
174598732
230418122
814825296
519076718
420558429
614763418
914902649
663703756
642844381
722254041
867177115
574969591
556760596
673165337
135299376
362472969
990524262
198389979
210838870
841213119
401076946
082052864
937087502
634967574
849870219
039235543
868421888
711028691
595468282
080711978
594970411
873167619
412450214
545145948
017923419
395906979
674382113
018019299
745112571
635948795
150411997
059306830
142228887
636936390
649998772
993940947
757387456
180801352
201848479
700377367
936217193
243322442
548979451
446672005
941231718
315614431
416815197
897321488
282970077
810423831
349411491
709918892
857581720
455803261
891233709
642388270
935946362
552345327
108694943
308130560
928997688
572751086
291068002
574633929
485507996
587982349
547748943
530708357
529132134
872678823
693828355
575171927
389911994
686492341
666089794
583927210
076406653
266849160
718544805
099531659
173263112
047442162
473216449
143832586
905548751
784742250
831932935
379405204
770084878
687128300
096274339
830787761
870621776
492882631
280554482
841239508
106131150
782007539
287738364
032504288
594781698
666693354
553722946
779387941
804738441
437524477
965309593
664154956
014594393
601472735
023537711
114345766
957554495
364414630
890957043
835234692
446150112
306163186
463401178
513301355
938890443
146547664
057261864
650757451
524993935
645163728
854115787
742981018
434541542
122848261
811688187
731749120
075651116
697454918
831342636
177109732
518087657
072053299
130269993
072888355
845756689
071324443
958626408
202516030
999627080
029325454
258029234
527016795
879220198
124908633
418813643
206145010
445421255
622375140
102975279
496930611
024479540
321727670
881459247
590294997
137098259
006119115
134617997
754985821
712375267
371047029
581642117
881379663
568119389
445848677
011421111
946909203
391132161
244705445
551314520
915423242
347875106
858030998
773558976
849539634
324644734
561628385
643874997
878594197
464393123
935827983
555188216
550828217
605327488
660715636
562707293
466719387
137702110
037284062
370136080
776269174
354411236
033900261
094308623
508527230
625042834
838406650
676273530
954306667
076787640
432210945
700158419
203439682
022670785
163046061
682039589
595484387
682427404
879738313
876504410
050562240
713943330
295323373
738827324
286438457
803148622
512135538
728058475
486449236
789456325
089392834
032753254
715330955
021822191
706302763
277583692
073298025
316010166
102758127
128579490
976455004
991044725
953068183
504761129
568394910
047582771
422195944
369971396
182391689
375564412
738158418
278114396
905193393
080178942
705380782
442873041
674175757
211172617
770535384
335423767
231026890
371701270
320665239
308269266
853870627
152792125
076066170
761492147
021839055
568628035
493400416
169033051
100887934
852489336
213051172
358441448
251427433
217838476
261937003
047758277
740844720
269105755
136142778
237825944
358996483
382783228
618387551
196543135
494145780
547184840
359206765
860211236
334772659
568906325
247333672
605925001
638994773
685033695
779336137
026435916
859395954
109573950
487505305
751474546
965257115
752641535
850330478
139087954
247992032
162949826
358989158
977881855
667777868
238512080
568790851
195991527
757591707
500955416
828044629
991277491
162671185
384127532
241765118
698370821
244722136
846784829
309002546
549879478
719263691
570397385
947739176
285115200
166436337
623999739
569875418
662518183
533028760
864600401
778330761
769242790
307908157
829423967
175820600
408812335
394540532
022867173
965099052
956517793
986547287
070417298
914627214
920804872
665328382
676173961
932211033
590756388
219710953
877257631
292635891
494631947
168839355
112578683
953485671
738392755
782051223
446118969
822407780
869438393
540276056
688988506
564879541
799047461
962486063
872253302
364817069
879818609
535700655
981347204
845731510
307474414
145782136
650138795
332662008
819744414
276042912
106871576
368531940
005082376
906630987
453525801
155814739
069403002
073566334
068958199
296529354
720557771
144531906
165299898
557439350
344410263
719107613
462537150
296885296
878457843
469288908
042687356
987497275
025971041
180023050
003068980
387467039
983124673
722893372
319612766
564120026
459723703
185540522
360339647
630062880
819860803
986345549
318415778
853558944
823795543
054506563
111647996
600220156
728108216
127588528
338679868
012689072
810073993
066900101
721067621
985924804
856713312
075849330
904171125
483474722
581236250
502724769
182236802
494211159
791457831
096963301
840364983
379742525
231508078
648081376
409381572
079247732
498476349
822917233
266519736
944831242
721746273
565651128
283799221
709358738
091383788
629546333
901482111
758430771
801119069
946219425
067581261
597167128
737314787
570385540
358314015
310745248
202936413
064687472
354070106
885870445
639471352
165682099
406066134
867380101
873250192
886006526
537244000
183312088
950742329
805690593
221705635
777677779
684128935
357221969
881599140
328773536
241525877
719850533
707426629
689944994
533627821
215644464
363203388
430431492
247581756
037122497
880905669
790258185
016169734
934384861
820540960
554902045
649802204
966512356
493779004
184134110
038341775
727994735
077532970
770061044
842017692
717444444
278617376
872676280
799515905
012536605
179790022
880324333
724223324
820334954
166983756
999454703
711045972
588936436
031855503
056520257
829263146
280293909
281785481
153794406
232645665
488488071
175316849
419306120
854971322
601038522
481120812
055721359
010242097
690838261
444611354
007995953
494265350
822015580
917071406
370357349
932742162
676431506
531104398
592070715
511144391
678479082
025567403
107969140
100287833
325358763
818410284
841288206
573976686
884837568
909621048
653101869
024650257
757714381
981780328
375621139
629937141
259418484
491624506
810697129
349142422
121482062
711226544
140671262
501970979
277432457
245639346
869059686
060669524
683071746
105294441
868566712
430305011
278327194
213285408
148187889
973092732
983047658
882377298
156932267
219720648
004909056
291243193
775853965
946874705
652050159
970391957
565523714
956093781
036413266
293842778
557002760
043697404
864794566
385540141
701528059
011481175
093267605
361486848
510925546
473815427
779098727
625331352
775871956
630993044
225573987
777968748
472455899
205845124
875568372
427542070
753217624
807162104
358026899
289732580
818719941
214469281
654474798
592381784
369337225
556616154
478742676
568670287
608968752
335086939
246099835
980166704
401326839
164318508
316083520
030175236
565229414
599850847
042948341
155962830
631698849
726945498
122328495
684805126
402023215
660548378
444962567
566117636
065274027
869349955
482460475
197827249
572747499
013924357
353748024
633988590
979516917
479708199
536373381
702333030
369385280
680058161
641275697
560254937
076449926
876276260
552318390
683969254
582661146
716463702
161833772
499904891
773880723
954103419
052018112
831403146
330307659
143619094
373074445
295211944
712295395
598717991
790794185
035565001
798318269
965705500
549122561
959306258
333052545
813727123
987634246
208291167
990519961
215073347
759693815
810450807
558526284
268073902
075052344
383908095
748311878
284176930
995629303
265300002
368718343
031904681
737124565
900613084
453000080
808109616
993236025
649249165
840316481
355556598
878382535
641979281
966155266
425854940
476062958
748525848
925915501
515166534
319857461
866505478
416993817
332400556
132158797
940891678
519374290
269588106
268250362
631496326
904645419
784441992
247461603
032360759
687124987
699503886
933385425
347046832
631586781
646245159
671856140
761071507
334688943
407310096
726856747
149740313
008366359
734219104
918417218
877507372
139268345
708584652
567342217
767775478
845136386
543675170
822518466
718952230
990204383
464519344
805184289
773215675
706873848
788538012
304501512
974073913
513748049
271493483
562456820
540239419
161575214
372262211
324288426
473815045
225560430
577750445
020907940
136332299
992884808
215606541
266930483
235723287
829962598
051361380
806108543
622724332
223089811
934881902
722692634
150090492
165181473
785792609
255166084
733723359
532754461
983100958
348206474
777182156
271078556
684585170
774621010
151642148
267366799
998548304
612026197
944087528
465900733
491328353
695163505
344766658
824160721
065474925
148383221
747877648
066059506
174934849
665034915
310466284
354669555
854929912
465293347
517952827
676089166
359492132
431973963
566220752
926775211
299422413
610354984
560062344
682634919
875194346
583740500
828512843
169135700
073386304
992636596
745296795
308981028
125110695
945134894
710593726
455609870
058028734
965516038
181323679
390991904
067154139
275711139
979871926
346133330
343101056
687396455
351208333
471416147
246396257
898487858
280772112
667106576
218879894
468343586
348354245
755373618
902538213
686784575
235381489
402434206
952088239
368614960
803069611
802200053
483361148
564861689
234734798
554680044
697362622
231792614
562178460
887027821
904941618
274915647
531630009
079050568
876187963
912459590
829029816
866082877
381469903
345563206
665031586
044770770
966474571
757852329
993649885
754180868
077691303
121136813
798941611
090225416
037109701
370142433
460523179
127206773
806590712
937206959
697411157
047020802
521883847
811448425
396776832
345485019
985312515
839834058
423425570
372660330
895224952
477598152
268507004
050464316
271408522
570659343
874271675
809433180
204192621
506991020
208119934
878809799
625288498
070287328
295580855
145278294
227700955
671816059
164175909
194179942
713664319
277628433
529663594
411728279
315346145
163219376
558519602
077240680
295274383
624153783
462424293
058269701
321880457
812176130
971566437
786492180
424566446
645943535
254028218
785938835
878497197
110348693
749932393
163910993
360250930
045924375
238440873
021335229
827828435
911519965
769141032
302281338
782523488
209255713
964986576
488653461
465038460
978990245
922226618
405610410
106002412
737299000
209555598
732953657
068858504
128916136
124111149
907681932
997225764
050605082
430047806
797713978
318102823
479864614
474313890
720723366
934723863
386690158
178990219
455483028
407912942
621381032
044554885
118024085
331105963
544377561
628544616
022212678
534890569
601998006
773507752
682025957
208346924
878063298
348161688
344141810
135338564
332639493
586376219
276140195
843938219
318637906
331766810
111179225
306448809
509410334
740867612
373308836
094866014
838942866
105109422
167039069
728462955
879410008
648246508
333036885
796041631
768283714
086234159
291456199
540506761
365329444
167646643
610231213
785718258
328293207
112717628
446289605
547973506
039090233
025279889
685549982
235064151
644590507
816863365
337115824
134186905
063732626
816144741
581827309
249835923
747328342
193603885
661798306
027389302
411387803
507417549
493219708
918723009
830977871
518334163
380511100
897911430
067924690
430389033
273751522
116115459
663970901
209146158
060462720
645630730
184922276
259226519
273340018
395359196
529642212
953957695
209598209
541126474
751873474
810617609
538083830
280070313
676823010
053889095
569076649
631027339
122106815
956091161
140935907
043557109
535253836
647324218
808721816
206138718
834942444
810545351
543162577
032121585
013540744
991637886
424688484
234510700
740733052
114268746
677298320
463318780
481791679
513755791
477978873
714244801
233043730
751360365
607808897
148939942
689022762
010940894
579364359
870404434
378203228
701164539
028528590
366214783
170680692
630546617
308852956
259332492
912270615
046731184
414095007
491042074
305574910
106212461
613890640
913275807
047242239
228210607
689403777
996315165
410826149
776205393
303565561
662032762
276967766
301621256
933913016
277549240
534810811
443335628
818662609
383959348
343958442
196065079
116723152
814000734
387581559
512726422
697478392
042516733
139207563
144763006
611737136
321552061
304858327
178265542
175942748
397089968
094473583
859299518
264755197
958005705
240083799
251610143
981067071
454433952
773430587
379623655
886570736
414334543
854981360
241785224
837641103
364684892
617393133
228386065
043766942
708918042
868727991
223650548
403774500
882548535
052112496
608264735
082402400
363413019
348187192
377733851
569738624
894027201
687360245
658040879
708541749
108909505
469132693
662668004
865687023
528960501
169477340
006352096
741770088
051229827
275556759
668808678
158771942
962090905
248895262
320466285
870192836
162976167
773486475
367610272
290930967
369560932
920035001
398921700
188428624
839774578
698024597
546694289
933996933
813474859
965011693
022301237
483980119
587186111
709776415
053735033
340082008
613803319
439152006
407379555
742990688
855803024
225117958
207683029
521241846
552620653
991730100
000644850
918830026
048812791
798672180
726984154
344289157
541227459
341756613
215912812
923838752
996778244
987524349
033413802
122470926
799001386
166810056
911602453
561473367
930983287
818677580
108640352
480298055
140342233
788874669
826746768
850758425
090273975
960288552
067842041
109006467
207958494
670079465
455520323
790393352
216146174
643254768
792571422
523229243
991556460
420065419
934765075
278942383
483524880
845423810
417872668
219858681
325638654
950030696
098538353
287976812
827117346
396820714
907130968
026109266
742588284
716019369
979624698
702665007
299539816
221468942
758698950
102622267
309791661
079503227
919617039
869350987
486646960
725620737
639984135
320817336
784099304
521085815
584114767
629527778
651729961
934360994
789884672
945850116
532870500
689324597
202961506
352434721
997458691
628500739
403864611
776674404
471522289
252890693
549555738
776566070
